[0m[38;2;67;80;86m,[38;2;60;73;79m'[38;2;48;60;66m.[38;2;44;56;62m.[38;2;46;56;60m.[38;2;47;55;58m.[38;2;50;58;61m.[38;2;54;62;65m.[38;2;59;67;71m'[38;2;61;73;81m'[38;2;63;75;83m'[38;2;62;74;82m'[38;2;60;72;80m'[38;2;55;71;78m'[38;2;53;71;77m'[38;2;53;69;76m'[38;2;56;69;77m'[38;2;58;70;78m'[38;2;60;69;77m'[38;2;63;70;77m'[38;2;68;74;79m'[38;2;79;83;87m,[38;2;82;83;87m,[38;2;87;87;91m;[38;2;94;94;99m;[38;2;83;82;88m,[38;2;75;75;80m,[38;2;70;69;78m'[38;2;66;69;80m'[38;2;94;104;113m:[38;2;124;140;148mo[38;2;139;159;165md[38;2;156;177;181mk[38;2;165;183;187mk[38;2;169;177;182mk[38;2;141;141;147mo[38;2;94;99;103m;[38;2;74;83;89m,[38;2;73;82;90m,[38;2;79;83;89m,[38;2;92;88;93m;[38;2;101;89;94m;[38;2;103;88;92m;[38;2;103;91;91m;[38;2;100;94;91m;[38;2;103;95;93m;[38;2;107;98;97m:[38;2;114;105;104m:[38;2;117;108;107mc[38;2;117;106;105m:[38;2;115;105;103m:[38;2;103;101;98m:[38;2;95;96;94m;[38;2;94;93;93m;[38;2;100;95;92m;[38;2;106;95;93m;[0m
[0m[38;2;73;83;89m,[38;2;62;72;78m'[38;2;52;62;69m.[38;2;48;58;64m.[38;2;49;58;62m.[38;2;52;60;63m.[38;2;59;67;70m'[38;2;66;74;77m'[38;2;71;80;83m,[38;2;70;85;89m,[38;2;69;84;88m,[38;2;68;83;87m,[38;2;66;81;85m,[38;2;64;79;82m'[38;2;66;79;81m'[38;2;66;77;80m'[38;2;72;81;85m,[38;2;75;83;87m,[38;2;80;87;90m,[38;2;84;89;91m;[38;2;86;90;90m;[38;2;89;91;90m;[38;2;84;85;82m,[38;2;86;87;83m,[38;2;94;95;91m;[38;2;87;87;84m,[38;2;68;69;65m'[38;2;61;59;60m.[38;2;57;59;62m.[38;2;82;90;95m;[38;2;119;131;139ml[38;2;135;153;159md[38;2;148;169;174mx[38;2;158;176;180mk[38;2;162;171;175mk[38;2;136;136;141mo[38;2;98;101;103m:[38;2;80;87;91m,[38;2;80;87;92m,[38;2;86;87;91m,[38;2;98;92;94m;[38;2;112;94;98m:[38;2;117;93;97m:[38;2;116;91;94m:[38;2;115;94;94m:[38;2;119;96;93m:[38;2;123;98;95m:[38;2;124;99;96m:[38;2;125;100;97m:[38;2;124;100;96m:[38;2;119;99;96m:[38;2;107;95;91m;[38;2;100;91;88m;[38;2;103;93;91m;[38;2;110;97;96m:[38;2;118;98;99m:[0m
[0m[38;2;80;88;95m,[38;2;74;82;89m,[38;2;68;75;82m'[38;2;67;73;80m'[38;2;66;74;77m'[38;2;71;79;81m,[38;2;77;84;87m,[38;2;79;85;90m,[38;2;82;88;93m,[38;2;82;89;93m;[38;2;82;90;93m;[38;2;81;89;91m,[38;2;78;87;89m,[38;2;83;89;89m;[38;2;92;96;95m;[38;2;91;94;93m;[38;2;84;86;86m,[38;2;86;88;88m;[38;2;77;80;80m,[38;2;62;64;63m.[38;2;53;54;53m.[38;2;54;55;53m.[38;2;52;52;50m.[38;2;54;54;53m.[38;2;65;65;65m'[38;2;66;66;65m'[38;2;76;76;76m,[38;2;92;93;87m;[38;2;89;92;88m;[38;2;88;93;94m;[38;2;111;118;123mc[38;2;133;146;151mo[38;2;142;158;162md[38;2;139;152;156md[38;2;130;134;140mo[38;2;107;105;112m:[38;2;85;85;86m,[38;2;78;81;82m,[38;2;80;82;84m,[38;2;85;85;86m,[38;2;95;91;90m;[38;2;107;96;94m:[38;2;114;95;95m:[38;2;118;93;95m:[38;2;119;94;95m:[38;2;118;97;96m:[38;2;118;96;95m:[38;2;120;98;97m:[38;2;119;99;98m:[38;2;118;99;99m:[38;2;112;94;96m:[38;2;104;90;91m;[38;2;103;91;93m;[38;2;107;94;97m;[38;2;112;99;98m:[38;2;114;98;98m:[0m
[0m[38;2;86;95;102m;[38;2;89;100;107m;[38;2;96;108;115m:[38;2;103;116;123mc[38;2;111;123;127mc[38;2;115;127;131ml[38;2;116;128;132ml[38;2;116;129;133ml[38;2;115;130;135ml[38;2;115;130;137ml[38;2;117;129;136ml[38;2;118;125;131ml[38;2;113;116;122mc[38;2;97;98;99m;[38;2;81;81;79m,[38;2;66;66;64m'[38;2;69;69;67m'[38;2;63;63;62m.[38;2;55;56;58m.[38;2;35;36;38m.[38;2;35;36;38m.[38;2;33;34;36m.[38;2;39;40;41m.[38;2;44;45;45m.[38;2;46;48;47m.[38;2;39;41;40m.[38;2;39;41;40m.[38;2;55;57;55m.[38;2;55;58;57m.[38;2;46;48;48m.[38;2;47;50;49m.[38;2;55;60;59m.[38;2;47;53;51m.[38;2;36;40;38m.[38;2;34;34;34m.[38;2;34;33;34m.[38;2;33;33;33m.[38;2;33;33;33m.[38;2;32;32;32m.[38;2;34;34;34m.[38;2;40;39;38m.[38;2;54;52;50m.[38;2;73;66;66m'[38;2;87;75;76m,[38;2;103;87;89m;[38;2;118;97;99m:[38;2;125;98;99m:[38;2;127;97;98m:[38;2;126;98;97m:[38;2;121;98;96m:[38;2;118;96;95m:[38;2;114;91;91m;[38;2;115;92;92m:[38;2;119;96;95m:[38;2;127;99;99m:[38;2;130;100;100m:[0m
[0m[38;2;132;142;152mo[38;2;173;188;197mO[38;2;195;214;222mK[38;2;197;218;224mK[38;2;199;217;224mK[38;2;206;220;228mX[38;2;215;222;230mX[38;2;222;221;230mX[38;2;227;222;230mX[38;2;227;222;229mX[38;2;227;222;228mX[38;2;213;210;214mK[38;2;133;132;135ml[38;2;71;72;71m'[38;2;48;48;46m.[38;2;41;41;40m.[38;2;43;43;42m.[38;2;43;43;43m.[38;2;37;38;40m.[38;2;28;29;31m.[38;2;29;30;32m.[38;2;26;27;29m [38;2;31;34;34m.[38;2;27;32;31m.[38;2;29;34;33m.[38;2;45;50;48m.[38;2;58;63;62m.[38;2;52;52;54m.[38;2;43;42;43m.[38;2;34;33;33m.[38;2;32;32;30m.[38;2;33;32;32m.[38;2;34;33;35m.[38;2;33;33;34m.[38;2;32;32;33m.[38;2;30;30;31m.[38;2;32;32;32m.[38;2;33;33;33m.[38;2;32;32;32m.[38;2;28;28;28m [38;2;29;30;30m.[38;2;31;33;32m.[38;2;32;33;32m.[38;2;33;32;32m.[38;2;36;35;35m.[38;2;68;53;56m.[38;2;109;86;88m;[38;2;132;103;101mc[38;2;137;105;100mc[38;2;138;104;98mc[38;2;137;101;99mc[38;2;132;96;94m:[38;2;129;94;91m:[38;2;132;97;94m:[38;2;141;101;99mc[38;2;145;103;101mc[0m
[0m[38;2;149;167;174mx[38;2;191;211;222mK[38;2;205;220;230mX[38;2;196;201;209m0[38;2;204;193;203m0[38;2;227;207;219mK[38;2;237;211;224mX[38;2;241;209;222mX[38;2;236;201;212mK[38;2;215;184;192m0[38;2;177;156;161mx[38;2;123;113;114mc[38;2;82;79;78m,[38;2;67;67;64m'[38;2;55;55;53m.[38;2;49;49;48m.[38;2;48;48;50m.[38;2;51;51;54m.[38;2;44;45;47m.[38;2;30;31;33m.[38;2;23;24;26m [38;2;27;28;30m [38;2;32;34;35m.[38;2;47;50;49m.[38;2;49;52;51m.[38;2;45;48;47m.[38;2;45;48;47m.[38;2;41;43;44m.[38;2;36;37;39m.[38;2;33;33;35m.[38;2;32;31;32m.[38;2;32;31;30m.[38;2;33;33;31m.[38;2;34;34;33m.[38;2;33;32;32m.[38;2;32;31;32m.[38;2;31;31;31m.[38;2;36;36;36m.[38;2;34;34;34m.[38;2;33;33;33m.[38;2;30;30;30m.[38;2;27;27;27m [38;2;33;33;33m.[38;2;32;32;32m.[38;2;44;44;44m.[38;2;42;38;41m.[38;2;39;34;35m.[38;2;70;61;57m.[38;2;112;93;88m;[38;2;135;107;103mc[38;2;135;103;99mc[38;2;131;97;94m:[38;2;129;95;92m:[38;2;133;98;95m:[38;2;139;100;96mc[38;2;143;103;98mc[0m
[0m[38;2;150;165;174mx[38;2;186;209;218mK[38;2;199;215;225mK[38;2;192;189;200mO[38;2;206;188;200m0[38;2;234;210;222mX[38;2;246;217;228mN[38;2;250;216;225mN[38;2;249;214;222mX[38;2;210;181;188mO[38;2;108;96;98m:[38;2;64;67;64m'[38;2;52;56;52m.[38;2;55;56;53m.[38;2;57;57;55m.[38;2;55;54;53m.[38;2;54;54;55m.[38;2;46;46;49m.[38;2;33;35;37m.[38;2;30;31;32m.[38;2;34;35;36m.[38;2;41;42;44m.[38;2;37;38;38m.[38;2;36;36;36m.[38;2;41;42;41m.[38;2;39;40;39m.[38;2;45;44;45m.[38;2;39;39;38m.[38;2;41;37;33m.[38;2;91;84;75m,[38;2;108;98;86m:[38;2;67;60;49m.[38;2;67;64;54m.[38;2;52;48;42m.[38;2;46;41;40m.[38;2;35;31;34m.[38;2;33;33;33m.[38;2;47;47;47m.[38;2;44;44;44m.[38;2;29;29;29m.[38;2;32;32;32m.[38;2;26;26;26m [38;2;28;28;28m [38;2;32;32;32m.[38;2;34;34;34m.[38;2;49;49;49m.[38;2;32;33;32m.[38;2;31;31;28m.[38;2;36;31;28m.[38;2;73;61;58m'[38;2;107;89;85m;[38;2;121;98;95m:[38;2;123;95;94m:[38;2;125;93;93m:[38;2;131;98;93m:[38;2;138;104;97mc[0m
[0m[38;2;146;161;172mx[38;2;187;210;217mK[38;2;198;220;225mK[38;2;186;197;204m0[38;2;181;183;194mO[38;2;200;195;208m0[38;2;218;203;216mK[38;2;226;202;214mK[38;2;229;200;210mK[38;2;217;194;198m0[38;2;144;132;136mo[38;2;63;61;63m.[38;2;54;56;52m.[38;2;59;53;50m.[38;2;64;52;48m.[38;2;60;47;40m.[38;2;49;39;33m.[38;2;37;33;30m.[38;2;42;40;40m.[38;2;47;45;41m.[38;2;49;47;43m.[38;2;37;35;34m.[38;2;32;30;29m.[38;2;30;31;28m.[38;2;17;21;17m [38;2;24;24;22m [38;2;45;39;38m.[38;2;99;88;78m;[38;2;195;177;160mO[38;2;226;206;183mK[38;2;139;120;97ml[38;2;187;175;157mk[38;2;82;73;59m'[38;2;155;145;131md[38;2;77;69;59m'[38;2;34;31;27m.[38;2;33;33;33m.[38;2;45;45;45m.[38;2;47;47;47m.[38;2;15;15;15m [38;2;28;28;28m [38;2;28;28;28m [38;2;27;27;27m [38;2;30;30;30m.[38;2;32;32;32m.[38;2;46;46;44m.[38;2;54;54;52m.[38;2;41;42;39m.[38;2;25;26;23m [38;2;33;33;32m.[38;2;49;45;47m.[38;2;64;56;58m.[38;2;84;69;71m'[38;2;104;84;87m;[38;2;122;98;98m:[38;2;131;105;105mc[0m
[0m[38;2;142;160;170md[38;2;199;217;226mK[38;2;219;235;242mN[38;2;219;234;240mN[38;2;214;228;234mX[38;2;220;235;241mN[38;2;225;238;245mN[38;2;226;236;244mN[38;2;220;229;237mN[38;2;216;225;231mX[38;2;205;216;222mK[38;2;152;161;165mx[38;2;102;103;103m:[38;2;102;84;75m;[38;2;133;101;85m:[38;2;140;102;85mc[38;2;133;95;79m:[38;2;116;83;71m;[38;2;109;89;78m;[38;2;69;61;52m.[38;2;52;49;43m.[38;2;58;52;47m.[38;2;46;39;34m.[38;2;29;27;25m [38;2;17;17;18m [38;2;31;29;24m [38;2;84;76;62m,[38;2;221;200;179mK[38;2;236;208;183mK[38;2;166;139;112mo[38;2;199;177;153mO[38;2;152;133;114mo[38;2;129;108;90mc[38;2;221;203;183mK[38;2;80;68;52m'[38;2;57;53;41m.[38;2;59;60;50m.[38;2;50;51;43m.[38;2;40;41;37m.[38;2;12;12;13m [38;2;23;23;24m [38;2;27;28;28m [38;2;28;28;28m [38;2;29;29;29m [38;2;32;32;32m.[38;2;36;36;32m.[38;2;54;55;53m.[38;2;49;49;51m.[38;2;38;37;43m.[38;2;70;71;80m'[38;2;74;76;88m,[38;2;90;90;101m;[38;2;86;84;93m,[38;2;75;71;80m'[38;2;67;60;67m.[38;2;76;69;75m'[0m
[0m[38;2;141;162;169md[38;2;204;221;228mX[38;2;230;242;249mW[38;2;237;247;252mW[38;2;237;246;252mW[38;2;234;245;251mW[38;2;229;241;247mW[38;2;221;235;241mN[38;2;215;231;235mN[38;2;213;231;235mN[38;2;213;232;238mN[38;2;216;232;238mN[38;2;205;214;216mK[38;2;156;143;135md[38;2;178;139;126md[38;2;185;139;120md[38;2;182;138;115md[38;2;183;136;117md[38;2;137;106;88mc[38;2;99;75;56m,[38;2;120;103;87m:[38;2;82;67;58m'[38;2;37;29;25m.[38;2;32;31;30m.[38;2;29;29;29m [38;2;32;27;23m [38;2;112;101;90m:[38;2;238;212;192mX[38;2;246;213;187mX[38;2;226;195;166m0[38;2;238;213;186mX[38;2;204;181;160mO[38;2;219;194;175m0[38;2;197;172;152mk[38;2;184;164;146mx[38;2;185;172;157mk[38;2;65;61;50m.[38;2;34;35;29m.[38;2;27;30;30m.[38;2;5;7;8m [38;2;20;21;21m [38;2;24;25;23m [38;2;31;28;27m [38;2;33;32;30m.[38;2;22;25;22m [38;2;33;31;29m.[38;2;47;45;46m.[38;2;41;43;48m.[38;2;29;34;42m.[38;2;90;98;111m;[38;2;144;155;172md[38;2;111;119;134mc[38;2;141;145;157md[38;2;148;150;159md[38;2;91;92;96m;[38;2;36;36;39m.[0m
[0m[38;2;141;157;165md[38;2;199;213;221mK[38;2;226;241;246mN[38;2;230;244;248mW[38;2;223;239;243mN[38;2;214;231;236mN[38;2;210;229;232mX[38;2;207;229;232mX[38;2;209;231;233mX[38;2;209;231;233mX[38;2;208;231;235mX[38;2;209;230;235mX[38;2;208;222;223mX[38;2;168;159;153mx[38;2;173;138;129md[38;2;192;150;134mx[38;2;195;154;133mx[38;2;198;151;133mx[38;2;172;131;110mo[38;2;170;129;108mo[38;2;173;139;120md[38;2;95;75;60m,[38;2;89;79;70m,[38;2;48;43;39m.[38;2;37;34;31m.[38;2;34;27;22m [38;2;72;59;49m.[38;2;206;186;163mO[38;2;243;216;189mX[38;2;244;213;188mX[38;2;226;198;178mK[38;2;161;139;123mo[38;2;145;125;109ml[38;2;157;136;118mo[38;2;157;141;124mo[38;2;104;95;81m;[38;2;79;75;64m'[38;2;33;34;29m.[38;2;16;19;19m [38;2;0;2;3m [38;2;11;11;11m [38;2;17;13;11m [38;2;97;89;82m;[38;2;61;55;49m.[38;2;33;31;30m.[38;2;29;30;30m.[38;2;32;33;33m.[38;2;32;34;35m.[38;2;30;34;34m.[38;2;74;78;81m,[38;2;214;220;225mX[38;2;167;173;178mk[38;2;113;118;122mc[38;2;74;78;81m,[38;2;35;37;39m.[38;2;51;52;54m.[0m
[0m[38;2;127;141;150mo[38;2;173;191;202mO[38;2;202;221;231mX[38;2;211;230;236mX[38;2;207;228;231mX[38;2;203;226;228mX[38;2;204;226;229mX[38;2;206;227;231mX[38;2;206;226;230mX[38;2;211;229;231mX[38;2;205;225;224mX[38;2;196;212;207mK[38;2;191;198;191m0[38;2;165;155;143mx[38;2;168;140;125md[38;2;158;118;103ml[38;2;149;108;90mc[38;2;155;113;96ml[38;2;178;132;114mo[38;2;193;144;126mx[38;2;179;133;114mo[38;2;136;99;79m:[38;2;135;106;86mc[38;2;124;102;85m:[38;2;100;86;75m;[38;2;46;38;32m.[38;2;36;32;28m.[38;2;87;76;67m,[38;2;208;185;166mO[38;2;246;214;188mX[38;2;245;214;189mX[38;2;236;210;186mX[38;2;209;184;159mO[38;2;185;160;136mx[38;2;199;175;153mk[38;2;196;175;156mk[38;2;96;81;70m,[38;2;74;66;59m'[38;2;26;24;21m [38;2;3;2;2m [38;2;5;3;5m [38;2;11;11;10m [38;2;32;31;26m.[38;2;20;19;15m [38;2;33;33;33m.[38;2;28;29;29m [38;2;32;33;32m.[38;2;33;34;33m.[38;2;33;34;33m.[38;2;34;35;34m.[38;2;87;88;88m;[38;2;81;82;83m,[38;2;40;43;44m.[38;2;103;108;108m:[38;2;168;176;175mk[38;2;220;228;228mX[0m
[0m[38;2;147;159;169mx[38;2;189;205;219m0[38;2;204;223;236mX[38;2;202;219;228mX[38;2;202;220;226mX[38;2;209;225;231mX[38;2;219;227;232mX[38;2;226;225;232mN[38;2;211;204;207mK[38;2;189;179;168mO[38;2;191;178;159mO[38;2;195;180;156mO[38;2;188;170;149mk[38;2;156;139;119mo[38;2;158;131;113mo[38;2;194;149;135mx[38;2;195;144;130mx[38;2;188;140;124md[38;2;193;146;131mx[38;2;215;162;147mk[38;2;197;140;125md[38;2;182;127;110mo[38;2;176;127;107mo[38;2;170;130;111mo[38;2;129;102;90m:[38;2;53;43;37m.[38;2;32;32;31m.[38;2;98;88;80m;[38;2;235;209;188mK[38;2;249;213;184mX[38;2;248;213;186mX[38;2;245;213;186mX[38;2;247;214;187mX[38;2;248;215;188mX[38;2;246;214;186mX[38;2;241;209;180mX[38;2;238;202;173mK[38;2;176;149;129md[38;2;40;27;22m.[38;2;18;16;17m [38;2;24;24;26m [38;2;29;29;29m.[38;2;17;17;17m [38;2;7;7;7m [38;2;28;28;28m [38;2;29;29;29m.[38;2;29;29;29m.[38;2;33;33;33m.[38;2;33;33;33m.[38;2;34;34;35m.[38;2;34;34;36m.[38;2;30;30;32m.[38;2;72;74;76m'[38;2;181;186;186mO[38;2;234;242;241mW[38;2;240;248;247mW[0m
[0m[38;2;165;184;195mO[38;2;199;217;228mK[38;2;208;219;229mX[38;2;194;194;202m0[38;2;212;202;211mK[38;2;232;217;226mX[38;2;239;219;227mX[38;2;239;215;218mX[38;2;195;170;165mk[38;2;204;179;161mO[38;2;233;206;180mK[38;2;228;199;170mK[38;2;199;174;149mk[38;2;159;140;121mo[38;2;167;141;127md[38;2;180;138;126md[38;2;202;148;137mx[38;2;195;139;127md[38;2;208;150;139mx[38;2;220;161;149mk[38;2;204;148;133mx[38;2;196;143;125mx[38;2;202;146;128mx[38;2;209;154;139mk[38;2;144;109;98mc[38;2;58;46;43m.[38;2;28;30;34m.[38;2;41;38;34m.[38;2;151;137;123mo[38;2;236;212;189mX[38;2;215;186;159m0[38;2;235;203;177mK[38;2;246;215;189mX[38;2;245;215;189mX[38;2;246;215;187mX[38;2;244;211;180mX[38;2;209;173;144mO[38;2;106;79;66m,[38;2;40;27;21m.[38;2;37;32;29m.[38;2;40;36;35m.[38;2;42;38;34m.[38;2;20;17;17m [38;2;3;3;5m [38;2;13;9;8m [38;2;30;29;28m.[38;2;27;27;27m [38;2;32;32;32m.[38;2;33;33;33m.[38;2;34;34;34m.[38;2;32;32;33m.[38;2;28;28;29m [38;2;29;30;31m.[38;2;34;36;36m.[38;2;64;65;66m'[38;2;108;108;111m:[0m
[0m[38;2;165;191;199mO[38;2;197;219;225mK[38;2;207;217;223mX[38;2;196;191;198m0[38;2;220;205;215mK[38;2;240;221;232mN[38;2;221;202;209mK[38;2;202;184;181mO[38;2;176;157;143mx[38;2;235;211;186mX[38;2;244;216;189mX[38;2;243;215;188mX[38;2;220;198;174m0[38;2;166;153;137md[38;2;102;87;76m;[38;2;158;131;119mo[38;2;180;140;129md[38;2;187;140;129md[38;2;188;141;130md[38;2;193;145;133mx[38;2;177;128;114mo[38;2;185;135;119md[38;2;192;136;125md[38;2;192;136;128md[38;2;175;134;124md[38;2;97;77;70m,[38;2;45;44;41m.[38;2;30;31;30m.[38;2;43;42;33m.[38;2;110;99;84m:[38;2;185;161;141mx[38;2;231;201;175mK[38;2;244;216;189mX[38;2;232;200;175mK[38;2;206;166;138mk[38;2;199;149;118mx[38;2;184;134;109md[38;2;147;97;80m:[38;2;146;99;64m:[38;2;156;112;60mc[38;2;174;133;88mo[38;2;84;61;39m'[38;2;38;26;20m [38;2;28;17;17m [38;2;7;4;6m [38;2;11;11;12m [38;2;25;25;25m [38;2;28;28;28m [38;2;31;31;31m.[38;2;33;33;33m.[38;2;34;34;34m.[38;2;34;34;34m.[38;2;32;32;32m.[38;2;30;30;30m.[38;2;30;30;30m.[38;2;30;30;31m.[0m
[0m[38;2;172;191;198mO[38;2;205;224;230mX[38;2;204;221;228mX[38;2;166;178;186mk[38;2;157;163;172mx[38;2;164;162;170mx[38;2;152;140;140mo[38;2;190;170;158mk[38;2;184;161;139mx[38;2;242;218;188mX[38;2;243;215;185mX[38;2;244;215;181mX[38;2;223;194;166m0[38;2;124;104;87m:[38;2;97;82;75m,[38;2;92;77;71m,[38;2;87;72;59m'[38;2;90;72;58m,[38;2;87;63;49m'[38;2;92;66;49m'[38;2;96;66;48m'[38;2;122;88;73m;[38;2;144;108;95mc[38;2;145;108;94mc[38;2;138;102;85mc[38;2;128;101;82m:[38;2;80;64;45m'[38;2;50;39;26m.[38;2;46;31;15m.[38;2;78;52;35m.[38;2;124;88;71m;[38;2;152;109;91mc[38;2;198;151;132mx[38;2;203;150;129mx[38;2;212;150;129mx[38;2;224;156;134mk[38;2;218;148;122mx[38;2;222;141;120mx[38;2;222;137;106mx[38;2;208;129;88md[38;2;200;135;98md[38;2;96;65;48m'[38;2;71;45;36m.[38;2;174;124;107mo[38;2;117;75;66m,[38;2;22;9;7m [38;2;7;7;7m [38;2;16;16;17m [38;2;28;24;24m [38;2;32;30;29m.[38;2;33;33;33m.[38;2;33;33;33m.[38;2;33;33;33m.[38;2;33;33;33m.[38;2;33;33;32m.[38;2;33;33;31m.[0m
[0m[38;2;179;196;204m0[38;2;189;207;216m0[38;2;120;138;150mo[38;2;99;119;132mc[38;2;100;121;135mc[38;2;108;119;130mc[38;2;138;131;130ml[38;2;236;214;195mX[38;2;229;202;171mK[38;2;222;200;169mK[38;2;214;182;144mO[38;2;212;165;104mk[38;2;225;164;97mk[38;2;219;155;110mk[38;2;228;164;144mO[38;2;213;146;125mx[38;2;204;139;93md[38;2;211;149;91mx[38;2;227;165;102mk[38;2;221;158;93mk[38;2;217;150;92mx[38;2;224;153;113mk[38;2;239;170;147mO[38;2;228;163;140mO[38;2;194;128;90mo[38;2;205;143;86md[38;2;209;151;80mx[38;2;209;153;80mx[38;2;220;159;87mk[38;2;228;161;102mk[38;2;227;160;122mk[38;2;242;174;153m0[38;2;232;156;131mk[38;2;237;158;119mk[38;2;246;168;124mO[38;2;244;171;128mO[38;2;237;162;121mO[38;2;220;132;97md[38;2;217;121;93md[38;2;223;134;108mx[38;2;227;159;134mk[38;2;113;85;69m;[38;2;65;43;32m.[38;2;172;109;91ml[38;2;208;128;106md[38;2;99;54;41m'[38;2;30;20;13m [38;2;15;14;16m [38;2;11;7;12m [38;2;15;15;15m [38;2;22;22;22m [38;2;31;31;31m.[38;2;33;33;33m.[38;2;33;33;33m.[38;2;33;33;33m.[38;2;33;33;33m.[0m
[0m[38;2;147;164;176mx[38;2;107;125;138mc[38;2;89;107;122m:[38;2;84;103;118m:[38;2;79;99;116m;[38;2;87;104;120m:[38;2;95;103;113m:[38;2;151;145;139md[38;2;205;188;168mO[38;2;235;212;187mX[38;2;218;180;151mO[38;2;217;160;113mk[38;2;242;165;114mO[38;2;213;133;94md[38;2;233;150;122mk[38;2;240;146;113mk[38;2;246;157;98mk[38;2;246;167;93mO[38;2;242;170;92mO[38;2;241;170;94mO[38;2;242;168;102mO[38;2;236;156;107mk[38;2;241;159;129mO[38;2;247;164;136mO[38;2;238;151;106mk[38;2;245;164;96mO[38;2;245;174;89mO[38;2;244;176;88mO[38;2;248;177;88mO[38;2;248;174;98mO[38;2;237;161;114mk[38;2;252;179;158m0[38;2;248;176;151m0[38;2;234;157;105mk[38;2;249;172;97mO[38;2;250;176;88mO[38;2;251;176;88mO[38;2;249;167;102mO[38;2;243;159;118mk[38;2;245;166;130mO[38;2;231;158;113mk[38;2;137;100;63m:[38;2;65;54;40m.[38;2;102;65;55m'[38;2;225;164;148mO[38;2;210;155;144mk[38;2;94;68;62m'[38;2;42;30;31m.[38;2;36;29;32m.[38;2;27;27;26m [38;2;23;24;24m [38;2;23;23;23m [38;2;27;27;28m [38;2;31;30;31m.[38;2;33;33;34m.[38;2;33;33;33m.[0m
[0m[38;2;93;111;120m:[38;2;81;99;110m;[38;2;79;97;109m;[38;2;76;94;108m;[38;2;68;88;105m,[38;2;70;93;109m;[38;2;67;89;103m,[38;2;70;87;100m,[38;2;76;86;97m,[38;2;90;94;95m;[38;2;127;117;110mc[38;2;147;111;90mc[38;2;226;162;126mk[38;2;233;152;106mk[38;2;213;126;84md[38;2;221;129;107md[38;2;237;144;129mk[38;2;241;156;124mk[38;2;240;159;127mk[38;2;240;166;127mO[38;2;242;170;124mO[38;2;243;163;116mO[38;2;239;140;102mx[38;2;235;129;100mx[38;2;231;133;107mx[38;2;235;146;115mk[38;2;242;161;121mO[38;2;242;163;122mO[38;2;243;167;126mO[38;2;243;166;127mO[38;2;239;156;120mk[38;2;236;146;113mk[38;2;240;147;115mk[38;2;236;143;106mx[38;2;244;159;112mk[38;2;244;166;112mO[38;2;240;165;97mk[38;2;242;161;102mk[38;2;237;153;107mk[38;2;242;163;125mO[38;2;207;135;90md[38;2;202;145;97mx[38;2;88;58;34m'[38;2;61;48;44m.[38;2;122;94;87m:[38;2;228;175;163mO[38;2;222;160;138mk[38;2;147;97;72m:[38;2;66;44;31m.[38;2;35;33;29m.[38;2;33;32;29m.[38;2;26;26;24m [38;2;25;25;25m [38;2;31;30;33m.[38;2;33;33;33m.[38;2;33;33;33m.[0m
[0m[38;2;83;101;110m;[38;2;78;96;107m;[38;2;72;90;103m,[38;2;70;87;102m,[38;2;61;80;95m,[38;2;67;84;98m,[38;2;64;78;93m,[38;2;61;77;92m'[38;2;57;76;91m'[38;2;51;68;83m'[38;2;52;66;77m.[38;2;66;63;58m.[38;2;127;96;66m:[38;2;219;165;106mk[38;2;233;170;106mO[38;2;224;153;117mk[38;2;225;154;138mk[38;2;205;138;107md[38;2;228;160;106mk[38;2;239;172;101mO[38;2;241;174;92mO[38;2;245;175;94mO[38;2;233;160;96mk[38;2;211;139;101md[38;2;236;169;148mO[38;2;235;166;137mO[38;2;231;158;107mk[38;2;240;168;109mO[38;2;239;167;109mO[38;2;241;165;110mO[38;2;244;157;107mk[38;2;235;140;101mx[38;2;238;141;110mx[38;2;236;140;107mx[38;2;245;159;122mO[38;2;246;169;127mO[38;2;243;168;129mO[38;2;243;157;122mk[38;2;224;132;103md[38;2;199;117;92mo[38;2;230;159;135mk[38;2;242;171;145mO[38;2;207;150;134mx[38;2;92;65;65m'[38;2;57;42;42m.[38;2;93;59;47m'[38;2;174;115;88ml[38;2;225;155;121mk[38;2;216;157;135mk[38;2;111;76;68m,[38;2;30;17;15m [38;2;26;26;21m [38;2;23;26;22m [38;2;18;16;15m [38;2;15;14;14m [38;2;21;21;21m [0m
[0m[38;2;72;89;100m,[38;2;70;86;100m,[38;2;72;88;104m,[38;2;66;82;99m,[38;2;60;76;92m'[38;2;63;79;93m,[38;2;58;73;88m'[38;2;56;72;86m'[38;2;55;71;84m'[38;2;51;67;76m.[38;2;52;65;75m.[38;2;58;67;74m'[38;2;56;60;64m.[38;2;73;69;62m'[38;2;86;80;68m,[38;2;76;71;63m'[38;2;65;61;60m.[38;2;59;55;53m.[38;2;72;64;50m'[38;2;103;85;59m;[38;2;126;97;62m:[38;2;164;129;91mo[38;2;168;129;98mo[38;2;165;125;107mo[38;2;168;129;119mo[38;2;178;135;122md[38;2;180;133;109mo[38;2;162;123;92ml[38;2;117;89;57m;[38;2;131;104;72m:[38;2;150;115;81mc[38;2;156;114;84ml[38;2;201;143;115mx[38;2;221;146;104mx[38;2;235;161;96mk[38;2;250;172;94mO[38;2;243;166;101mO[38;2;227;149;105mx[38;2;210;133;98md[38;2;225;148;101mx[38;2;242;165;102mO[38;2;246;166;99mO[38;2;243;167;104mO[38;2;217;155;106mx[38;2;140;95;58m:[38;2;88;58;42m'[38;2;54;33;24m.[38;2;79;56;47m.[38;2;124;88;76m;[38;2;137;100;88m:[38;2;49;32;26m.[38;2;9;5;3m [38;2;3;6;5m [38;2;8;7;8m [38;2;6;5;5m [38;2;1;1;1m [0m
[0m[38;2;74;89;106m,[38;2;59;75;91m'[38;2;53;69;83m'[38;2;60;76;89m'[38;2;55;72;83m'[38;2;57;74;85m'[38;2;55;71;82m'[38;2;55;72;83m'[38;2;55;70;81m'[38;2;55;67;80m'[38;2;50;63;75m.[38;2;52;65;75m.[38;2;46;61;70m.[38;2;44;56;64m.[38;2;44;54;62m.[38;2;44;52;59m.[38;2;44;50;58m.[38;2;42;49;57m.[38;2;40;51;59m.[38;2;40;45;51m.[38;2;55;50;48m.[38;2;135;117;106mc[38;2;178;150;135mx[38;2;190;156;138mx[38;2;194;160;139mx[38;2;195;163;147mk[38;2;170;141;135md[38;2;80;66;71m'[38;2;33;37;46m.[38;2;44;60;68m.[38;2;59;74;81m'[38;2;68;72;72m'[38;2;140;106;84mc[38;2;225;154;100mk[38;2;216;145;71mx[38;2;224;154;84mx[38;2;216;141;93mx[38;2;208;140;107md[38;2;218;153;121mk[38;2;224;149;94mx[38;2;246;166;93mO[38;2;244;165;92mO[38;2;242;162;94mk[38;2;244;163;103mO[38;2;235;153;100mk[38;2;232;150;118mk[38;2;208;132;110md[38;2;160;98;83mc[38;2;130;84;73m;[38;2;113;77;66m,[38;2;86;61;50m'[38;2;40;31;26m.[38;2;23;22;23m [38;2;20;17;20m [38;2;9;8;9m [38;2;2;2;2m [0m
[0m[38;2;70;86;102m,[38;2;68;84;99m,[38;2;54;70;83m'[38;2;40;57;67m.[38;2;43;58;67m.[38;2;55;69;77m'[38;2;57;71;81m'[38;2;55;68;80m'[38;2;52;65;79m.[38;2;48;63;76m.[38;2;45;60;71m.[38;2;48;62;73m.[38;2;49;63;73m.[38;2;47;59;67m.[38;2;47;56;65m.[38;2;48;56;65m.[38;2;48;56;65m.[38;2;47;55;66m.[38;2;44;55;66m.[38;2;41;50;61m.[38;2;33;38;45m.[38;2;45;44;48m.[38;2;107;97;97m:[38;2;164;143;136md[38;2;188;164;153mk[38;2;160;142;137md[38;2;78;71;77m'[38;2;37;43;53m.[38;2;29;41;54m.[38;2;48;62;76m.[38;2;59;73;83m'[38;2;66;76;81m'[38;2;104;86;66m;[38;2;216;158;100mk[38;2;241;166;95mO[38;2;224;148;88mx[38;2;216;140;96mx[38;2;235;153;120mk[38;2;235;145;117mk[38;2;227;133;97mx[38;2;235;147;102mx[38;2;239;157;109mk[38;2;242;160;109mk[38;2;246;161;111mO[38;2;238;150;103mk[38;2;237;142;111mx[38;2;241;145;125mk[38;2;235;144;122mk[38;2;234;152;118mk[38;2;242;165;124mO[38;2;231;161;123mk[38;2;114;70;52m,[38;2;20;3;6m [38;2;13;13;14m [38;2;22;24;23m [38;2;17;17;17m [0m
[0m[38;2;50;66;81m.[38;2;46;62;76m.[38;2;44;61;72m.[38;2;41;58;67m.[38;2;33;48;55m.[38;2;33;46;53m.[38;2;51;64;73m.[38;2;55;67;77m'[38;2;53;65;76m.[38;2;49;63;74m.[38;2;45;59;70m.[38;2;44;58;69m.[38;2;49;63;74m.[38;2;48;60;71m.[38;2;48;58;69m.[38;2;49;59;70m.[38;2;48;58;68m.[38;2;47;58;68m.[38;2;45;59;68m.[38;2;43;56;65m.[38;2;30;41;52m.[38;2;28;39;50m.[38;2;33;42;52m.[38;2;44;51;59m.[38;2;72;77;84m,[38;2;56;63;71m.[38;2;36;46;58m.[38;2;29;42;51m.[38;2;32;44;58m.[38;2;54;66;81m'[38;2;64;76;87m'[38;2;60;78;88m'[38;2;74;75;79m'[38;2;132;91;76m:[38;2;215;148;115mx[38;2;236;162;120mk[38;2;233;158;111mk[38;2;215;133;93md[38;2;212;126;92md[38;2;241;156;122mk[38;2;230;147;100mx[38;2;235;158;87mk[38;2;235;159;78mk[38;2;235;159;81mk[38;2;229;151;86mx[38;2;223;152;118mk[38;2;243;176;164m0[38;2;247;179;167m0[38;2;226;156;115mk[38;2;229;157;88mk[38;2;236;163;86mk[38;2;198;135;79md[38;2;80;42;28m.[38;2;11;3;4m [38;2;4;4;4m [38;2;13;13;13m [0m
[0m[38;2;62;79;94m,[38;2;54;71;85m'[38;2;51;67;79m.[38;2;43;58;68m.[38;2;36;50;57m.[38;2;27;40;47m.[38;2;32;45;52m.[38;2;50;63;71m.[38;2;51;64;73m.[38;2;49;63;72m.[38;2;47;61;70m.[38;2;41;55;65m.[38;2;49;63;73m.[38;2;50;62;74m.[38;2;51;62;76m.[38;2;51;62;76m.[38;2;49;60;74m.[38;2;50;61;74m.[38;2;53;64;74m.[38;2;47;59;68m.[38;2;32;43;54m.[38;2;25;36;52m.[38;2;31;42;62m.[38;2;36;48;69m.[38;2;37;50;71m.[38;2;39;51;72m.[38;2;34;45;64m.[38;2;31;42;56m.[38;2;36;48;62m.[38;2;54;68;82m'[38;2;64;79;91m,[38;2;65;81;94m,[38;2;70;83;95m,[38;2;79;82;83m,[38;2;123;95;74m:[38;2;219;151;98mx[38;2;244;171;95mO[38;2;240;172;93mO[38;2;214;145;89mx[38;2;220;150;121mx[38;2;213;139;108mx[38;2;236;160;94mk[38;2;248;173;86mO[38;2;250;170;88mO[38;2;250;168;93mO[38;2;236;154;104mk[38;2;246;171;152m0[38;2;251;181;178m0[38;2;249;178;157m0[38;2;236;158;109mk[38;2;248;169;93mO[38;2;241;164;92mk[38;2;172;110;81ml[38;2;28;10;6m [38;2;2;2;1m [38;2;2;2;2m [0m
[0m[38;2;57;76;90m'[38;2;57;74;87m'[38;2;57;72;84m'[38;2;55;69;80m'[38;2;50;63;71m.[38;2;34;47;55m.[38;2;20;33;41m.[38;2;39;52;60m.[38;2;49;62;70m.[38;2;49;63;72m.[38;2;47;61;70m.[38;2;40;54;63m.[38;2;48;62;71m.[38;2;53;67;79m'[38;2;52;66;80m.[38;2;51;65;79m.[38;2;53;67;80m'[38;2;52;65;78m.[38;2;51;64;74m.[38;2;48;61;69m.[38;2;33;45;54m.[38;2;29;40;55m.[38;2;30;42;58m.[38;2;34;46;59m.[38;2;37;49;62m.[38;2;35;47;61m.[38;2;33;45;59m.[38;2;35;45;60m.[38;2;38;51;64m.[38;2;55;69;82m'[38;2;61;77;90m'[38;2;63;81;94m,[38;2;67;83;96m,[38;2;69;85;97m,[38;2;76;78;80m,[38;2;119;87;61m;[38;2;206;149;84mx[38;2;224;160;73mk[38;2;228;152;82mx[38;2;233;151;113mk[38;2;245;164;133mO[38;2;232;151;101mk[38;2;239;159;100mk[38;2;242;160;113mk[38;2;246;163;118mO[38;2;244;159;122mO[38;2;236;144;120mk[38;2;238;142;126mk[38;2;240;141;121mk[38;2;236;136;105mx[38;2;241;152;109mk[38;2;243;164;124mO[38;2;223;156;135mk[38;2;70;39;35m.[38;2;4;0;1m [38;2;1;1;1m [0m
[0m[38;2;61;80;95m,[38;2;64;82;96m,[38;2;63;79;92m,[38;2;61;76;87m'[38;2;53;67;76m'[38;2;45;58;66m.[38;2;39;52;60m.[38;2;29;41;49m.[38;2;42;53;62m.[38;2;47;60;69m.[38;2;48;62;71m.[38;2;41;55;64m.[38;2;44;58;67m.[38;2;51;66;78m.[38;2;50;66;79m.[38;2;50;66;79m.[38;2;52;68;81m'[38;2;52;68;80m'[38;2;52;65;75m.[38;2;48;61;69m.[38;2;34;46;55m.[38;2;32;42;57m.[38;2;35;45;62m.[38;2;34;46;62m.[38;2;36;48;64m.[38;2;35;47;63m.[38;2;34;45;61m.[38;2;36;48;63m.[38;2;37;50;65m.[38;2;51;66;80m.[38;2;61;77;91m'[38;2;61;80;94m,[38;2;65;82;97m,[38;2;68;85;99m,[38;2;67;75;83m'[38;2;76;61;52m'[38;2;186;136;101md[38;2;234;162;106mk[38;2;242;162;112mO[38;2;223;144;110mx[38;2;215;128;99md[38;2;218;124;95md[38;2;236;152;123mk[38;2;245;165;139mO[38;2;243;165;133mO[38;2;243;163;124mO[38;2;240;148;105mk[38;2;235;130;96mx[38;2;236;128;106mx[38;2;235;131;107mx[38;2;238;144;116mk[38;2;245;163;131mO[38;2;238;166;129mO[38;2;120;73;58m,[38;2;16;2;1m [38;2;3;5;3m [0m
[0m[38;2;70;90;106m,[38;2;66;85;99m,[38;2;54;71;85m'[38;2;36;52;65m.[38;2;27;42;51m.[38;2;29;44;51m.[38;2;30;42;50m.[38;2;27;36;45m.[38;2;34;44;53m.[38;2;40;52;62m.[38;2;47;60;69m.[38;2;44;57;66m.[38;2;44;57;66m.[38;2;56;70;82m'[38;2;53;69;82m'[38;2;54;70;83m'[38;2;53;69;82m'[38;2;53;69;81m'[38;2;49;63;73m.[38;2;45;59;67m.[38;2;35;46;55m.[38;2;32;40;56m.[38;2;36;45;63m.[38;2;34;46;62m.[38;2;36;48;64m.[38;2;35;47;63m.[38;2;34;46;62m.[38;2;36;49;65m.[38;2;36;50;66m.[38;2;49;65;80m.[38;2;62;80;94m,[38;2;63;79;93m,[38;2;64;81;96m,[38;2;65;83;99m,[38;2;56;65;74m.[38;2;48;42;40m.[38;2;93;67;57m'[38;2;187;131;108mo[38;2;235;164;139mO[38;2;240;162;134mO[38;2;238;148;114mk[38;2;218;126;97md[38;2;226;141;107mx[38;2;236;153;101mk[38;2;251;168;97mO[38;2;252;170;95mO[38;2;250;167;93mO[38;2;237;150;104mk[38;2;253;172;152m0[38;2;255;176;153m0[38;2;236;151;114mk[38;2;247;163;105mO[38;2;250;168;104mO[38;2;176;115;81ml[38;2;33;7;3m [38;2;4;4;1m [0m
